	19.0	20.0	21.0	22.0	23.0	24.0	25.0	26.0	27.0	28.0	29.0	30.0	31.0	32.0	33.0	34.0	35.0	36.0	37.0	38.0	39.0	40.0
Ch14_1_R1_p	1.0	4.0	12.0	75.0	286.0	843.0	2076.0	5274.0	12256.0	24971.0	44951.0	70533.0	102289.0	142284.0	188655.0	246183.0	319371.0	421712.0	584957.0	906117.0	1893994.0	14628468.0
	17.0	18.0	19.0	20.0	21.0	22.0	23.0	24.0	25.0	26.0	27.0	28.0	29.0	30.0	31.0	32.0	33.0	34.0	35.0	36.0	37.0	38.0	39.0	40.0
Ch14_1_R2_p	1.0	8.0	82.0	617.0	2618.0	7132.0	16270.0	30362.0	50711.0	77803.0	111777.0	150851.0	195177.0	245165.0	298618.0	356543.0	423092.0	500605.0	599280.0	735780.0	954318.0	1379390.0	2616158.0	10842954.0
	20.0	21.0	22.0	23.0	24.0	25.0	26.0	27.0	28.0	29.0	30.0	31.0	32.0	33.0	34.0	35.0	36.0	37.0	38.0	39.0	40.0
Ch14_2_R1_p	2.0	28.0	133.0	403.0	1084.0	2639.0	6532.0	14188.0	28642.0	50089.0	79197.0	115202.0	159661.0	212338.0	277806.0	361108.0	480741.0	668825.0	1034304.0	2141926.0	17299013.0
	18.0	19.0	20.0	21.0	22.0	23.0	24.0	25.0	26.0	27.0	28.0	29.0	30.0	31.0	32.0	33.0	34.0	35.0	36.0	37.0	38.0	39.0	40.0
Ch14_2_R2_p	6.0	151.0	959.0	3671.0	10078.0	21896.0	40284.0	66797.0	100891.0	143050.0	193312.0	249067.0	310441.0	376071.0	446733.0	527390.0	622180.0	739158.0	903689.0	1165721.0	1674237.0	3129626.0	12208453.0
	20.0	21.0	22.0	23.0	24.0	25.0	26.0	27.0	28.0	29.0	30.0	31.0	32.0	33.0	34.0	35.0	36.0	37.0	38.0	39.0	40.0
Ch14_3_R1_p	4.0	21.0	111.0	379.0	1090.0	2673.0	6213.0	13193.0	26381.0	45631.0	70766.0	102324.0	139947.0	183148.0	237908.0	306994.0	405229.0	557356.0	857781.0	1760726.0	14117384.0
	18.0	19.0	20.0	21.0	22.0	23.0	24.0	25.0	26.0	27.0	28.0	29.0	30.0	31.0	32.0	33.0	34.0	35.0	36.0	37.0	38.0	39.0	40.0
Ch14_3_R2_p	9.0	128.0	698.0	2801.0	7524.0	16503.0	30526.0	50302.0	76678.0	109964.0	147770.0	191397.0	238635.0	291035.0	347372.0	411130.0	484998.0	578016.0	710259.0	915538.0	1315900.0	2487739.0	10420337.0
	20.0	21.0	22.0	23.0	24.0	25.0	26.0	27.0	28.0	29.0	30.0	31.0	32.0	33.0	34.0	35.0	36.0	37.0	38.0	39.0	40.0
EP08_1_R1_p	3.0	17.0	69.0	269.0	857.0	2107.0	5376.0	12567.0	24960.0	44357.0	70300.0	102412.0	140993.0	186898.0	243065.0	313895.0	413428.0	571899.0	876440.0	1804441.0	14015735.0
	18.0	19.0	20.0	21.0	22.0	23.0	24.0	25.0	26.0	27.0	28.0	29.0	30.0	31.0	32.0	33.0	34.0	35.0	36.0	37.0	38.0	39.0	40.0
EP08_1_R2_p	9.0	106.0	621.0	2440.0	6945.0	15268.0	29060.0	48383.0	73759.0	106863.0	143781.0	187734.0	235582.0	288529.0	345072.0	410168.0	486078.0	580752.0	714235.0	926529.0	1337424.0	2541343.0	10349407.0
	20.0	21.0	22.0	23.0	24.0	25.0	26.0	27.0	28.0	29.0	30.0	31.0	32.0	33.0	34.0	35.0	36.0	37.0	38.0	39.0	40.0
EP08_2_R1_p	4.0	21.0	80.0	310.0	838.0	2314.0	6260.0	14732.0	30237.0	53822.0	86023.0	126753.0	175354.0	234633.0	304692.0	395884.0	522480.0	724575.0	1115111.0	2289752.0	18235080.0
	18.0	19.0	20.0	21.0	22.0	23.0	24.0	25.0	26.0	27.0	28.0	29.0	30.0	31.0	32.0	33.0	34.0	35.0	36.0	37.0	38.0	39.0	40.0
EP08_2_R2_p	4.0	120.0	764.0	3100.0	8904.0	19628.0	36786.0	61966.0	95115.0	137894.0	186842.0	242494.0	306205.0	372783.0	448447.0	532980.0	629798.0	754525.0	927573.0	1201305.0	1738902.0	3294402.0	13318418.0
	20.0	21.0	22.0	23.0	24.0	25.0	26.0	27.0	28.0	29.0	30.0	31.0	32.0	33.0	34.0	35.0	36.0	37.0	38.0	39.0	40.0
EP08_3_R1_p	3.0	6.0	54.0	163.0	470.0	1576.0	4241.0	10434.0	22169.0	40681.0	65925.0	98902.0	138827.0	186890.0	246774.0	321721.0	425389.0	587721.0	907180.0	1860752.0	14247213.0
	18.0	19.0	20.0	21.0	22.0	23.0	24.0	25.0	26.0	27.0	28.0	29.0	30.0	31.0	32.0	33.0	34.0	35.0	36.0	37.0	38.0	39.0	40.0
EP08_3_R2_p	6.0	89.0	652.0	2649.0	7421.0	16491.0	31395.0	52200.0	80579.0	115141.0	155938.0	204658.0	255255.0	312845.0	372694.0	441625.0	520516.0	621930.0	762001.0	986976.0	1421118.0	2685197.0	10119715.0
	19.0	20.0	21.0	22.0	23.0	24.0	25.0	26.0	27.0	28.0	29.0	30.0	31.0	32.0	33.0	34.0	35.0	36.0	37.0	38.0	39.0	40.0
Se17_1_R1_p	1.0	5.0	23.0	125.0	354.0	1052.0	2586.0	5881.0	13234.0	26061.0	45059.0	69881.0	101339.0	139132.0	183347.0	236590.0	307061.0	405333.0	561226.0	866265.0	1786495.0	14398942.0
	18.0	19.0	20.0	21.0	22.0	23.0	24.0	25.0	26.0	27.0	28.0	29.0	30.0	31.0	32.0	33.0	34.0	35.0	36.0	37.0	38.0	39.0	40.0
Se17_1_R2_p	8.0	124.0	762.0	2725.0	7714.0	16708.0	31434.0	51898.0	78727.0	112071.0	150993.0	194614.0	243346.0	295128.0	351874.0	417272.0	492391.0	587137.0	718969.0	931734.0	1344000.0	2531838.0	10588525.0
	20.0	21.0	22.0	23.0	24.0	25.0	26.0	27.0	28.0	29.0	30.0	31.0	32.0	33.0	34.0	35.0	36.0	37.0	38.0	39.0	40.0
Se17_2_R1_p	5.0	30.0	100.0	295.0	856.0	2334.0	5738.0	13205.0	26577.0	47150.0	74465.0	110096.0	150979.0	199819.0	259409.0	337502.0	447117.0	623164.0	966401.0	2004582.0	16762435.0
	18.0	19.0	20.0	21.0	22.0	23.0	24.0	25.0	26.0	27.0	28.0	29.0	30.0	31.0	32.0	33.0	34.0	35.0	36.0	37.0	38.0	39.0	40.0
Se17_2_R2_p	5.0	127.0	758.0	2889.0	8386.0	18041.0	33572.0	55903.0	86009.0	122931.0	165606.0	213811.0	266470.0	324642.0	388279.0	458236.0	541708.0	649028.0	798765.0	1035468.0	1502177.0	2860728.0	12498720.0
	20.0	21.0	22.0	23.0	24.0	25.0	26.0	27.0	28.0	29.0	30.0	31.0	32.0	33.0	34.0	35.0	36.0	37.0	38.0	39.0	40.0
Se17_3_R1_p	1.0	34.0	153.0	446.0	1146.0	2964.0	6672.0	14533.0	28199.0	48398.0	75746.0	109370.0	148756.0	196427.0	254461.0	330343.0	434445.0	602398.0	929207.0	1908363.0	15586541.0
	18.0	19.0	20.0	21.0	22.0	23.0	24.0	25.0	26.0	27.0	28.0	29.0	30.0	31.0	32.0	33.0	34.0	35.0	36.0	37.0	38.0	39.0	40.0
Se17_3_R2_p	8.0	144.0	735.0	2954.0	7831.0	17483.0	32754.0	54194.0	83111.0	118604.0	160233.0	207498.0	260952.0	318708.0	381949.0	450646.0	535466.0	640033.0	785277.0	1013082.0	1459456.0	2748186.0	11399299.0

