	13.0	14.0	15.0	16.0	17.0	18.0	19.0	20.0	21.0	22.0	23.0	24.0	25.0	26.0	27.0	28.0	29.0	30.0	31.0	32.0	33.0	34.0	35.0	36.0	37.0	38.0	39.0	40.0
Ch14_1_CKDL220004210-1a-1_HHJWNBBXX_L7_1	1.0	90.0	1115.0	4105.0	7516.0	9455.0	10607.0	11788.0	14061.0	17151.0	21643.0	30029.0	53370.0	62023.0	65797.0	82661.0	104511.0	129333.0	159324.0	193697.0	235653.0	288675.0	360372.0	464259.0	637024.0	978885.0	2002743.0	14513588.0
	11.0	12.0	13.0	14.0	15.0	16.0	17.0	18.0	19.0	20.0	21.0	22.0	23.0	24.0	25.0	26.0	27.0	28.0	29.0	30.0	31.0	32.0	33.0	34.0	35.0	36.0	37.0	38.0	39.0	40.0
Ch14_1_CKDL220004210-1a-1_HHJWNBBXX_L7_2	1.0	145.0	2272.0	6446.0	15922.0	30565.0	49601.0	70265.0	89420.0	105114.0	116728.0	128777.0	142690.0	162452.0	171620.0	183418.0	198595.0	219361.0	243879.0	271884.0	305109.0	347562.0	400942.0	472031.0	571198.0	716296.0	955173.0	1413882.0	2709508.0	10358620.0
	13.0	14.0	15.0	16.0	17.0	18.0	19.0	20.0	21.0	22.0	23.0	24.0	25.0	26.0	27.0	28.0	29.0	30.0	31.0	32.0	33.0	34.0	35.0	36.0	37.0	38.0	39.0	40.0
Ch14_2_CKDL220004210-1a-3_HHJWNBBXX_L7_1	1.0	83.0	1576.0	5763.0	10431.0	13172.0	14834.0	15980.0	18761.0	22558.0	27740.0	36693.0	63780.0	76878.0	78251.0	97367.0	122147.0	151855.0	186084.0	227233.0	275560.0	336849.0	419320.0	541658.0	741104.0	1132949.0	2288541.0	17182149.0
	11.0	12.0	13.0	14.0	15.0	16.0	17.0	18.0	19.0	20.0	21.0	22.0	23.0	24.0	25.0	26.0	27.0	28.0	29.0	30.0	31.0	32.0	33.0	34.0	35.0	36.0	37.0	38.0	39.0	40.0
Ch14_2_CKDL220004210-1a-3_HHJWNBBXX_L7_2	6.0	230.0	3503.0	9813.0	23456.0	43397.0	68087.0	95922.0	120869.0	139926.0	154886.0	169568.0	186028.0	210803.0	223329.0	235955.0	256471.0	280980.0	309712.0	343142.0	384393.0	435065.0	499039.0	583824.0	701613.0	877592.0	1165518.0	1715583.0	3237547.0	11613060.0
	13.0	14.0	15.0	16.0	17.0	18.0	19.0	20.0	21.0	22.0	23.0	24.0	25.0	26.0	27.0	28.0	29.0	30.0	31.0	32.0	33.0	34.0	35.0	36.0	37.0	38.0	39.0	40.0
Ch14_3_CKDL220004210-1a-8_HHJWNBBXX_L7_1	2.0	128.0	1595.0	5867.0	10355.0	12849.0	14539.0	16232.0	19407.0	25735.0	40473.0	84654.0	300280.0	182359.0	83051.0	86822.0	105383.0	129234.0	156903.0	189319.0	228645.0	281172.0	349551.0	450009.0	613721.0	936873.0	1881556.0	14021236.0
	11.0	12.0	13.0	14.0	15.0	16.0	17.0	18.0	19.0	20.0	21.0	22.0	23.0	24.0	25.0	26.0	27.0	28.0	29.0	30.0	31.0	32.0	33.0	34.0	35.0	36.0	37.0	38.0	39.0	40.0
Ch14_3_CKDL220004210-1a-8_HHJWNBBXX_L7_2	4.0	186.0	2821.0	7848.0	18426.0	34885.0	57482.0	85554.0	113496.0	138668.0	164276.0	194056.0	246477.0	291748.0	215137.0	205278.0	209347.0	220159.0	240598.0	267015.0	299111.0	339913.0	390347.0	458918.0	552202.0	692877.0	920924.0	1359893.0	2592198.0	9908106.0
	14.0	15.0	16.0	17.0	18.0	19.0	20.0	21.0	22.0	23.0	24.0	25.0	26.0	27.0	28.0	29.0	30.0	31.0	32.0	33.0	34.0	35.0	36.0	37.0	38.0	39.0	40.0
EP08_1_CKDL220004210-1a-9_HHJWNBBXX_L7_1	74.0	1099.0	3939.0	7034.0	8955.0	10121.0	11758.0	13934.0	17432.0	23513.0	36060.0	86236.0	76425.0	66286.0	81153.0	101766.0	127283.0	156327.0	189163.0	230405.0	283656.0	352007.0	454202.0	621018.0	947725.0	1913855.0	13911625.0
	11.0	12.0	13.0	14.0	15.0	16.0	17.0	18.0	19.0	20.0	21.0	22.0	23.0	24.0	25.0	26.0	27.0	28.0	29.0	30.0	31.0	32.0	33.0	34.0	35.0	36.0	37.0	38.0	39.0	40.0
EP08_1_CKDL220004210-1a-9_HHJWNBBXX_L7_2	3.0	140.0	2282.0	6407.0	15947.0	30391.0	49526.0	71014.0	89537.0	105206.0	118412.0	132196.0	151010.0	172794.0	169226.0	176934.0	192253.0	210420.0	233040.0	260665.0	293932.0	336329.0	389374.0	458534.0	554843.0	697690.0	932801.0	1380916.0	2642559.0	9858670.0
	14.0	15.0	16.0	17.0	18.0	19.0	20.0	21.0	22.0	23.0	24.0	25.0	26.0	27.0	28.0	29.0	30.0	31.0	32.0	33.0	34.0	35.0	36.0	37.0	38.0	39.0	40.0
EP08_2_CKDL220004210-1a-10_HHJWNBBXX_L7_1	80.0	1209.0	4332.0	7680.0	9983.0	10949.0	12669.0	14980.0	18752.0	24432.0	33554.0	53849.0	66448.0	77464.0	100378.0	127200.0	159010.0	195730.0	239519.0	291587.0	357554.0	447099.0	575564.0	786874.0	1204786.0	2426574.0	18101201.0
	11.0	12.0	13.0	14.0	15.0	16.0	17.0	18.0	19.0	20.0	21.0	22.0	23.0	24.0	25.0	26.0	27.0	28.0	29.0	30.0	31.0	32.0	33.0	34.0	35.0	36.0	37.0	38.0	39.0	40.0
EP08_2_CKDL220004210-1a-10_HHJWNBBXX_L7_2	5.0	209.0	3273.0	8792.0	19933.0	37489.0	60039.0	85439.0	108079.0	127528.0	142371.0	155779.0	172301.0	192046.0	206346.0	223176.0	245662.0	270786.0	302025.0	338599.0	381820.0	435160.0	505680.0	596458.0	720208.0	907801.0	1210557.0	1794238.0	3426443.0	12671215.0
	13.0	14.0	15.0	16.0	17.0	18.0	19.0	20.0	21.0	22.0	23.0	24.0	25.0	26.0	27.0	28.0	29.0	30.0	31.0	32.0	33.0	34.0	35.0	36.0	37.0	38.0	39.0	40.0
EP08_3_CKDL220004210-1a-11_HHJWNBBXX_L7_1	1.0	44.0	580.0	1984.0	3734.0	5094.0	6102.0	7841.0	10138.0	13602.0	18537.0	27108.0	49602.0	58484.0	63373.0	80002.0	102049.0	127902.0	158284.0	192607.0	237060.0	291694.0	364027.0	468325.0	640561.0	981883.0	1979365.0	14152232.0
	12.0	13.0	14.0	15.0	16.0	17.0	18.0	19.0	20.0	21.0	22.0	23.0	24.0	25.0	26.0	27.0	28.0	29.0	30.0	31.0	32.0	33.0	34.0	35.0	36.0	37.0	38.0	39.0	40.0
EP08_3_CKDL220004210-1a-11_HHJWNBBXX_L7_2	119.0	1813.0	6006.0	16425.0	31870.0	50094.0	71538.0	91252.0	106787.0	120093.0	132033.0	144876.0	164548.0	174246.0	186896.0	204509.0	225225.0	249855.0	278638.0	315265.0	359100.0	413889.0	488054.0	590107.0	740981.0	986188.0	1457790.0	2778513.0	9655505.0
	13.0	14.0	15.0	16.0	17.0	18.0	19.0	20.0	21.0	22.0	23.0	24.0	25.0	26.0	27.0	28.0	29.0	30.0	31.0	32.0	33.0	34.0	35.0	36.0	37.0	38.0	39.0	40.0
Se17_1_CKDL220004210-1a-22_HHJWNBBXX_L7_1	2.0	110.0	1510.0	5511.0	9876.0	12633.0	14097.0	15427.0	17750.0	21812.0	29111.0	45734.0	126038.0	181206.0	84453.0	85826.0	104056.0	128365.0	156130.0	189323.0	230105.0	280445.0	349181.0	449791.0	615709.0	941140.0	1896959.0	14308671.0
	11.0	12.0	13.0	14.0	15.0	16.0	17.0	18.0	19.0	20.0	21.0	22.0	23.0	24.0	25.0	26.0	27.0	28.0	29.0	30.0	31.0	32.0	33.0	34.0	35.0	36.0	37.0	38.0	39.0	40.0
Se17_1_CKDL220004210-1a-22_HHJWNBBXX_L7_2	2.0	169.0	2879.0	7633.0	17900.0	33662.0	55137.0	79398.0	102135.0	122267.0	142485.0	163454.0	196721.0	230199.0	197360.0	197527.0	208086.0	223101.0	243912.0	271452.0	303888.0	344246.0	397455.0	464828.0	560838.0	702700.0	935238.0	1382432.0	2628193.0	10085674.0
	14.0	15.0	16.0	17.0	18.0	19.0	20.0	21.0	22.0	23.0	24.0	25.0	26.0	27.0	28.0	29.0	30.0	31.0	32.0	33.0	34.0	35.0	36.0	37.0	38.0	39.0	40.0
Se17_2_CKDL220004210-1a-23_HHJWNBBXX_L7_1	85.0	1225.0	4639.0	8030.0	10379.0	11703.0	13466.0	15991.0	19196.0	24244.0	32236.0	51224.0	79041.0	72640.0	88101.0	111004.0	137901.0	170423.0	207585.0	251925.0	309577.0	387253.0	499771.0	686450.0	1057436.0	2148106.0	16599879.0
	11.0	12.0	13.0	14.0	15.0	16.0	17.0	18.0	19.0	20.0	21.0	22.0	23.0	24.0	25.0	26.0	27.0	28.0	29.0	30.0	31.0	32.0	33.0	34.0	35.0	36.0	37.0	38.0	39.0	40.0
Se17_2_CKDL220004210-1a-23_HHJWNBBXX_L7_2	4.0	212.0	3011.0	8257.0	19545.0	36298.0	57623.0	81277.0	101336.0	117209.0	130485.0	143511.0	159079.0	181157.0	191180.0	202171.0	218917.0	240461.0	267049.0	297445.0	334992.0	381355.0	438908.0	517202.0	625880.0	786834.0	1049062.0	1559619.0	2990602.0	11858829.0
	14.0	15.0	16.0	17.0	18.0	19.0	20.0	21.0	22.0	23.0	24.0	25.0	26.0	27.0	28.0	29.0	30.0	31.0	32.0	33.0	34.0	35.0	36.0	37.0	38.0	39.0	40.0
Se17_3_CKDL220004210-1a-25_HHJWNBBXX_L7_1	136.0	1731.0	6146.0	10950.0	13993.0	15590.0	17353.0	20328.0	25433.0	35205.0	60132.0	194406.0	288921.0	104396.0	94966.0	113012.0	138662.0	167637.0	203028.0	246142.0	300137.0	374776.0	481056.0	659184.0	1006967.0	2024702.0	15494286.0
	11.0	12.0	13.0	14.0	15.0	16.0	17.0	18.0	19.0	20.0	21.0	22.0	23.0	24.0	25.0	26.0	27.0	28.0	29.0	30.0	31.0	32.0	33.0	34.0	35.0	36.0	37.0	38.0	39.0	40.0
Se17_3_CKDL220004210-1a-25_HHJWNBBXX_L7_2	5.0	217.0	3016.0	7852.0	18744.0	36360.0	59722.0	87623.0	117458.0	142450.0	168831.0	199031.0	250371.0	303414.0	229267.0	220574.0	224576.0	238948.0	261906.0	291981.0	328412.0	372288.0	429834.0	503798.0	609672.0	764189.0	1014767.0	1501609.0	2856345.0	10856015.0

