Sample	raw_total_sequences	filtered_sequences	sequences	is_sorted	1st_fragments	last_fragments	reads_mapped	reads_mapped_and_paired	reads_unmapped	reads_properly_paired	reads_paired	reads_duplicated	reads_MQ0	reads_QC_failed	non-primary_alignments	total_length	bases_mapped	bases_mapped_(cigar)	bases_trimmed	bases_duplicated	mismatches	error_rate	average_length	maximum_length	average_quality	insert_size_average	insert_size_standard_deviation	inward_oriented_pairs	outward_oriented_pairs	pairs_with_other_orientation	pairs_on_different_chromosomes	reads_mapped_percent	reads_mapped_and_paired_percent	reads_unmapped_percent	reads_properly_paired_percent	reads_paired_percent	reads_duplicated_percent	reads_MQ0_percent	reads_QC_failed_percent
Ch14_1	39190624.0	0.0	39190624.0	1.0	19595312.0	19595312.0	30826137.0	29493950.0	8364487.0	28868666.0	39190624.0	0.0	349601.0	0.0	5301535.0	5353368457.0	4210363133.0	4196049432.0	0.0	0.0	24748596.0	0.005898071	136.0	150.0	39.4	375.0	610.1	7865737.0	148733.0	38547.0	63032.0	78.65691804243791	75.25766877302081	21.34308195756209	73.66217491204019	100.0	0.0	0.8920526501440753	0.0
Ch14_2	45867722.0	0.0	45867722.0	1.0	22933861.0	22933861.0	34887977.0	33169588.0	10979745.0	32433840.0	45867722.0	0.0	439796.0	0.0	5071566.0	6243165312.0	4748429695.0	4730498585.0	0.0	0.0	31758425.0	0.006713547	136.0	150.0	39.4	496.6	1038.9	8772285.0	174663.0	43522.0	78428.0	76.06215325016576	72.31575180472228	23.93784674983423	70.71168696801642	100.0	0.0	0.9588354965611765	0.0
Ch14_3	37670518.0	0.0	37670518.0	1.0	18835259.0	18835259.0	30491694.0	29493114.0	7178824.0	28872350.0	37670518.0	0.0	270863.0	0.0	6201515.0	5098384029.0	4125870449.0	4113039169.0	0.0	0.0	18478669.0	0.004492704	135.0	150.0	39.4	300.4	396.9	7524534.0	150263.0	56125.0	39548.0	80.94312374467482	78.29229744066699	19.056876255325186	76.64441991479916	100.0	0.0	0.7190317903247309	0.0
EP08_1	37660176.0	0.0	37660176.0	1.0	18830088.0	18830088.0	33046802.0	32278296.0	4613374.0	31637750.0	37660176.0	0.0	225941.0	0.0	8059916.0	5122622936.0	4500379879.0	4489188119.0	0.0	0.0	15886524.0	0.003538841	136.0	150.0	39.4	258.7	273.8	8690697.0	163916.0	55312.0	29015.0	87.74999352100744	85.70936046607962	12.250006478992557	84.00850277492064	100.0	0.0	0.5999467448054412	0.0
EP08_2	48637910.0	0.0	48637910.0	1.0	24318955.0	24318955.0	42515414.0	41473592.0	6122496.0	40648134.0	48637910.0	0.0	294682.0	0.0	10013325.0	6606117532.0	5780454162.0	5765854346.0	0.0	0.0	20074229.0	0.00348157	135.0	150.0	39.4	272.5	328.2	11120016.0	208908.0	69146.0	42095.0	87.41209069221931	85.2700948704416	12.5879093077807	83.57294546578996	100.0	0.0	0.6058689610634996	0.0
EP08_3	38334182.0	0.0	38334182.0	1.0	19167091.0	19167091.0	33788877.0	32973910.0	4545305.0	32318602.0	38334182.0	0.0	216726.0	0.0	8983937.0	5253519684.0	4636167052.0	4625207614.0	0.0	0.0	14129876.0	0.003054971	137.0	150.0	39.3	245.5	229.5	9349828.0	165893.0	56300.0	28758.0	88.14294511358035	86.01699131078368	11.857054886419645	84.30753002633524	100.0	0.0	0.565359657341847	0.0
Se17_1	38299984.0	0.0	38299984.0	1.0	19149992.0	19149992.0	29287002.0	27936558.0	9012982.0	27316256.0	38299984.0	0.0	313547.0	0.0	3916590.0	5198375817.0	3970780377.0	3956359645.0	0.0	0.0	25118328.0	0.006348848	135.0	150.0	39.4	477.2	1000.7	7080744.0	146703.0	39995.0	64091.0	76.46740009081988	72.94143517135673	23.532599909180117	71.32184702740346	100.0	0.0	0.8186609164118711	0.0
Se17_2	44064518.0	0.0	44064518.0	1.0	22032259.0	22032259.0	32880245.0	31340786.0	11184273.0	30656230.0	44064518.0	0.0	417226.0	0.0	4664190.0	5927635823.0	4408990991.0	4392018973.0	0.0	0.0	28389813.0	0.006463955	134.0	150.0	39.5	492.6	1029.3	7280334.0	171053.0	38122.0	68005.0	74.61841520653874	71.12476755107137	25.381584793461258	69.57123643108952	100.0	0.0	0.9468525220223672	0.0
Se17_3	41357206.0	0.0	41357206.0	1.0	20678603.0	20678603.0	33921645.0	32757600.0	7435561.0	32066338.0	41357206.0	0.0	327157.0	0.0	6381823.0	5616554387.0	4609825208.0	4596062629.0	0.0	0.0	22595719.0	0.004916321	135.0	150.0	39.4	313.9	419.8	8702730.0	163402.0	56992.0	55048.0	82.02112347724844	79.20651119420398	17.97887652275156	77.53506849568126	100.0	0.0	0.7910519874094009	0.0
