Sample	Samtools_mqc-generalstats-samtools-error_rate	Samtools_mqc-generalstats-samtools-non_primary_alignments	Samtools_mqc-generalstats-samtools-reads_mapped	Samtools_mqc-generalstats-samtools-reads_mapped_percent	Samtools_mqc-generalstats-samtools-reads_properly_paired_percent	Samtools_mqc-generalstats-samtools-reads_MQ0_percent	Samtools_mqc-generalstats-samtools-raw_total_sequences
Ch14_1	0.005898071	5301535.0	30826137.0	78.65691804243791	73.66217491204019	0.8920526501440753	39190624.0
Ch14_2	0.006713547	5071566.0	34887977.0	76.06215325016576	70.71168696801642	0.9588354965611765	45867722.0
Ch14_3	0.004492704	6201515.0	30491694.0	80.94312374467482	76.64441991479916	0.7190317903247309	37670518.0
EP08_1	0.003538841	8059916.0	33046802.0	87.74999352100744	84.00850277492064	0.5999467448054412	37660176.0
EP08_2	0.00348157	10013325.0	42515414.0	87.41209069221931	83.57294546578996	0.6058689610634996	48637910.0
EP08_3	0.003054971	8983937.0	33788877.0	88.14294511358035	84.30753002633524	0.565359657341847	38334182.0
Se17_1	0.006348848	3916590.0	29287002.0	76.46740009081988	71.32184702740346	0.8186609164118711	38299984.0
Se17_2	0.006463955	4664190.0	32880245.0	74.61841520653874	69.57123643108952	0.9468525220223672	44064518.0
Se17_3	0.004916321	6381823.0	33921645.0	82.02112347724844	77.53506849568126	0.7910519874094009	41357206.0
